MIN=0	0	0	-0.1	0	0	
MAX=15	30	10	13	30	5	
SCALE=5	10	5	5	10	1	
DEC=1	2	2	2	2	2	
DEF="Time" t / s	"Voltage" U_A1 / V	"Voltage" U_B1 / V	"Collector Current" I_A / nA	"Acceleration Voltage" U_2 / V	"Frequency" f / Hz	
0	0.345	0.065	0.065	3.45	NAN	
0.1	0.105	-0.015	-0.015	1.05	NAN	
0.2	0.09	-0.015	-0.015	0.9	NAN	
0.301	0.105	0.275	0.275	1.05	NAN	
0.401	0.09	-0.02	-0.02	0.9	NAN	
0.501	0.15	-0.035	-0.035	1.5	NAN	
0.601	0.135	-0.03	-0.03	1.35	NAN	
0.701	0.165	-0.02	-0.02	1.65	NAN	
0.801	0.225	0.015	0.015	2.25	NAN	
0.901	0.24	0.695	0.695	2.4	NAN	
1.001	0.255	0.035	0.035	2.55	NAN	
1.101	0.27	0.02	0.02	2.7	NAN	
1.201	0.315	0.1	0.1	3.15	NAN	
1.301	0.33	0.215	0.215	3.3	NAN	
1.401	0.36	0.415	0.415	3.6	NAN	
1.501	0.375	0.63	0.63	3.75	NAN	
1.601	0.405	0.745	0.745	4.05	NAN	
1.701	0.42	1.32	1.32	4.2	NAN	
1.801	0.465	1.585	1.585	4.65	NAN	
1.901	0.495	1.675	1.675	4.95	NAN	
2.001	0.51	1.465	1.465	5.1	NAN	
2.101	0.525	1.38	1.38	5.25	NAN	
2.201	0.555	1.085	1.085	5.55	NAN	
2.301	0.585	0.785	0.785	5.85	NAN	
2.401	0.615	0.475	0.475	6.15	NAN	
2.501	0.645	0.38	0.38	6.45	NAN	
2.601	0.66	0.24	0.24	6.6	NAN	
2.701	0.69	0.36	0.36	6.9	NAN	
2.801	0.705	0.38	0.38	7.05	NAN	
2.901	0.735	0.62	0.62	7.35	NAN	
3.001	0.765	0.785	0.785	7.65	NAN	
3.101	0.795	1.14	1.14	7.95	NAN	
3.201	0.81	1.495	1.495	8.1	NAN	
3.301	0.84	1.915	1.915	8.4	NAN	
3.401	0.87	2.34	2.34	8.7	NAN	
3.501	0.9	2.94	2.94	9	NAN	
3.601	0.93	3.5	3.5	9.3	NAN	
3.701	0.945	3.83	3.83	9.45	NAN	
3.801	0.975	3.97	3.97	9.75	NAN	
3.901	1.005	3.43	3.43	10.05	NAN	
4.001	1.035	2.525	2.525	10.35	NAN	
4.101	1.05	1.65	1.65	10.5	NAN	
4.201	1.065	1.05	1.05	10.65	NAN	
4.301	1.095	0.67	0.67	10.95	NAN	
4.401	1.125	0.53	0.53	11.25	NAN	
4.501	1.155	0.565	0.565	11.55	NAN	
4.601	1.17	0.7	0.7	11.7	NAN	
4.701	1.2	0.96	0.96	12	NAN	
4.801	1.23	1.31	1.31	12.3	NAN	
4.901	1.26	1.685	1.685	12.6	NAN	
5.001	1.29	2.265	2.265	12.9	NAN	
5.101	1.305	2.795	2.795	13.05	NAN	
5.201	1.335	3.54	3.54	13.35	NAN	
5.301	1.365	4.305	4.305	13.65	NAN	
5.401	1.395	5.22	5.22	13.95	NAN	
5.501	1.41	5.94	5.94	14.1	NAN	
5.601	1.425	6.44	6.44	14.25	NAN	
5.701	1.455	6.205	6.205	14.55	NAN	
5.801	1.485	5.195	5.195	14.85	NAN	
5.901	1.515	3.81	3.81	15.15	NAN	
6.001	1.545	2.5	2.5	15.45	NAN	
6.101	1.56	1.525	1.525	15.6	NAN	
6.201	1.59	1.05	1.05	15.9	NAN	
6.301	1.62	0.815	0.815	16.2	NAN	
6.401	1.65	0.845	0.845	16.5	NAN	
6.501	1.68	1.1	1.1	16.8	NAN	
6.601	1.695	1.425	1.425	16.95	NAN	
6.701	1.725	2.015	2.015	17.25	NAN	
6.801	1.74	2.595	2.595	17.4	NAN	
6.901	1.77	3.33	3.33	17.7	NAN	
7.001	1.8	4.14	4.14	18	NAN	
7.101	1.815	5.08	5.08	18.15	NAN	
7.201	1.845	6.195	6.195	18.45	NAN	
7.301	1.875	7.295	7.295	18.75	NAN	
7.401	1.905	8.29	8.29	19.05	NAN	
7.501	1.935	8.82	8.82	19.35	NAN	
7.601	1.95	8.645	8.645	19.5	NAN	
7.701	1.98	7.475	7.475	19.8	NAN	
7.801	2.01	5.825	5.825	20.1	NAN	
7.901	2.04	4.195	4.195	20.4	NAN	
8.001	2.04	2.8	2.8	20.4	NAN	
8.101	2.07	1.86	1.86	20.7	NAN	
8.201	2.1	1.32	1.32	21	NAN	
8.301	2.13	1.3	1.3	21.3	NAN	
8.401	2.16	1.595	1.595	21.6	NAN	
8.501	2.19	1.985	1.985	21.9	NAN	
8.601	2.205	2.455	2.455	22.05	NAN	
8.701	2.235	3.18	3.18	22.35	NAN	
8.801	2.265	4.105	4.105	22.65	NAN	
8.901	2.295	5.06	5.06	22.95	NAN	
9.001	2.31	6.245	6.245	23.1	NAN	
9.101	2.34	7.525	7.525	23.4	NAN	
9.201	2.37	8.815	8.815	23.7	NAN	
9.301	2.385	10.06	10.06	23.85	NAN	
9.401	2.415	10.245	10.245	24.15	NAN	
9.501	2.43	10.245	10.245	24.3	NAN	
9.601	2.46	10.2	10.2	24.6	NAN	
9.701	2.49	8.645	8.645	24.9	NAN	
9.801	2.52	6.815	6.815	25.2	NAN	
9.901	2.535	5.06	5.06	25.35	NAN	
10.001	2.565	3.63	3.63	25.65	NAN	
10.101	2.595	2.71	2.71	25.95	NAN	
10.201	2.625	2.205	2.205	26.25	NAN	
10.301	2.655	2.175	2.175	26.55	NAN	
10.401	2.67	2.405	2.405	26.7	NAN	
10.501	2.7	2.94	2.94	27	NAN	
10.601	2.715	3.64	3.64	27.15	NAN	
10.701	2.745	4.71	4.71	27.45	NAN	
10.801	2.775	5.775	5.775	27.75	NAN	
10.901	2.79	7.05	7.05	27.9	NAN	
11.001	2.82	8.34	8.34	28.2	NAN	
11.101	2.85	9.88	9.88	28.5	NAN	
11.201	2.88	10.245	10.245	28.8	NAN	
11.301	2.895	10.245	10.245	28.95	NAN	
11.401	2.925	10.245	10.245	29.25	NAN	
11.501	2.955	10.245	10.245	29.55	NAN	
11.601	2.985	10.245	10.245	29.85	NAN	
11.701	3	10.14	10.14	30	NAN	
11.801	3.03	8.26	8.26	30.3	NAN	
11.901	3.045	6.535	6.535	30.45	NAN	
12.001	3.075	5.21	5.21	30.75	NAN	
12.101	3.105	4.1	4.1	31.05	NAN	
12.201	3.12	3.585	3.585	31.2	NAN	
12.301	3.15	3.47	3.47	31.5	NAN	
12.401	3.18	3.68	3.68	31.8	NAN	
12.501	3.195	3.685	3.685	31.95	NAN	
12.601	3.195	3.69	3.69	31.95	NAN	
12.701	3.195	3.685	3.685	31.95	NAN	
12.801	3.195	3.695	3.695	31.95	NAN	
12.901	3.195	3.695	3.695	31.95	NAN	
13.001	3.195	3.68	3.68	31.95	NAN	
13.101	3.195	3.77	3.77	31.95	NAN	
13.201	3.195	3.765	3.765	31.95	NAN	
13.301	3.195	3.685	3.685	31.95	NAN	
13.401	3.195	3.68	3.68	31.95	NAN	
13.501	3.195	3.685	3.685	31.95	NAN	
13.601	3.195	3.69	3.69	31.95	NAN	
13.701	3.195	3.695	3.695	31.95	NAN	
13.801	3.195	3.7	3.7	31.95	NAN	
13.901	3.195	3.68	3.68	31.95	NAN	
14.001	3.195	3.695	3.695	31.95	NAN	
14.101	3.195	3.69	3.69	31.95	NAN	
14.201	3.195	3.775	3.775	31.95	NAN	
14.301	3.195	3.77	3.77	31.95	NAN	
14.401	3.195	3.685	3.685	31.95	NAN	
14.501	3.195	3.705	3.705	31.95	NAN	
14.601	3.195	3.695	3.695	31.95	NAN	
14.701	3.195	3.695	3.695	31.95	NAN	
14.801	3.195	3.7	3.7	31.95	NAN	
14.901	3.195	3.685	3.685	31.95	NAN	
