MIN=0	0	0	-0.1	0	0	
MAX=15	30	10	13	30	5	
SCALE=5	10	5	5	10	1	
DEC=1	2	2	2	2	2	
DEF="Time" t / s	"Voltage" U_A1 / V	"Voltage" U_B1 / V	"Collector Current" I_A / nA	"Acceleration Voltage" U_2 / V	"Frequency" f / Hz	
0	0.18	0.015	0.015	1.8	NAN	
0.1	0.015	-0.06	-0.06	0.15	NAN	
0.2	0.045	1.015	1.015	0.45	NAN	
0.3	0.105	-0.065	-0.065	1.05	NAN	
0.4	0.075	-0.06	-0.06	0.75	NAN	
0.5	0.105	-0.06	-0.06	1.05	NAN	
0.6	0.135	-0.06	-0.06	1.35	NAN	
0.7	0.165	-0.06	-0.06	1.65	NAN	
0.8	0.18	-0.06	-0.06	1.8	NAN	
0.9	0.21	-0.055	-0.055	2.1	NAN	
1	0.24	-0.06	-0.06	2.4	NAN	
1.1	0.27	-0.05	-0.05	2.7	NAN	
1.2	0.3	-0.045	-0.045	3	NAN	
1.3	0.33	-0.04	-0.04	3.3	NAN	
1.4	0.345	-0.02	-0.02	3.45	NAN	
1.5	0.375	0.01	0.01	3.75	NAN	
1.6	0.405	0.075	0.075	4.05	NAN	
1.7	0.42	0.18	0.18	4.2	NAN	
1.8	0.45	0.35	0.35	4.5	NAN	
1.9	0.48	0.375	0.375	4.8	NAN	
2	0.495	0.315	0.315	4.95	NAN	
2.1	0.525	0.14	0.14	5.25	NAN	
2.2	0.555	0.01	0.01	5.55	NAN	
2.3	0.585	-0.035	-0.035	5.85	NAN	
2.4	0.615	-0.05	-0.05	6.15	NAN	
2.5	0.63	-0.05	-0.05	6.3	NAN	
2.6	0.66	-0.05	-0.05	6.6	NAN	
2.7	0.69	-0.05	-0.05	6.9	NAN	
2.8	0.72	-0.03	-0.03	7.2	NAN	
2.9	0.75	-0.015	-0.015	7.5	NAN	
3	0.765	0.035	0.035	7.65	NAN	
3.1	0.78	0.12	0.12	7.8	NAN	
3.2	0.81	0.26	0.26	8.1	NAN	
3.3	0.84	0.455	0.455	8.4	NAN	
3.4	0.87	0.635	0.635	8.7	NAN	
3.5	0.9	0.88	0.88	9	NAN	
3.6	0.915	1.05	1.05	9.15	NAN	
3.7	0.945	1.255	1.255	9.45	NAN	
3.8	0.975	1.245	1.245	9.75	NAN	
3.9	1.005	1.02	1.02	10.05	NAN	
4	1.035	0.65	0.65	10.35	NAN	
4.1	1.05	0.28	0.28	10.5	NAN	
4.2	1.08	0.085	0.085	10.8	NAN	
4.3	1.11	0.01	0.01	11.1	NAN	
4.4	1.125	-0.015	-0.015	11.25	NAN	
4.5	1.155	-0.015	-0.015	11.55	NAN	
4.6	1.17	0	0	11.7	NAN	
4.7	1.2	0.05	0.05	12	NAN	
4.8	1.23	0.085	0.085	12.3	NAN	
4.9	1.26	0.26	0.26	12.6	NAN	
5	1.29	0.45	0.45	12.9	NAN	
5.1	1.305	0.635	0.635	13.05	NAN	
5.2	1.335	0.93	0.93	13.35	NAN	
5.3	1.365	1.22	1.22	13.65	NAN	
5.4	1.395	1.595	1.595	13.95	NAN	
5.5	1.425	1.895	1.895	14.25	NAN	
5.6	1.44	2.07	2.07	14.4	NAN	
5.7	1.455	2.16	2.16	14.55	NAN	
5.8	1.485	1.97	1.97	14.85	NAN	
5.9	1.515	1.48	1.48	15.15	NAN	
6	1.545	1.095	1.095	15.45	NAN	
6.1	1.56	0.635	0.635	15.6	NAN	
6.2	1.59	0.325	0.325	15.9	NAN	
6.3	1.62	0.175	0.175	16.2	NAN	
6.4	1.65	0.115	0.115	16.5	NAN	
6.5	1.68	0.16	0.16	16.8	NAN	
6.6	1.695	0.22	0.22	16.95	NAN	
6.7	1.725	0.33	0.33	17.25	NAN	
6.8	1.755	0.5	0.5	17.55	NAN	
6.9	1.785	0.725	0.725	17.85	NAN	
7	1.8	0.98	0.98	18	NAN	
7.1	1.815	1.305	1.305	18.15	NAN	
7.2	1.845	1.635	1.635	18.45	NAN	
7.3	1.875	2.025	2.025	18.75	NAN	
7.4	1.905	2.455	2.455	19.05	NAN	
7.5	1.935	2.78	2.78	19.35	NAN	
7.6	1.95	2.96	2.96	19.5	NAN	
7.7	1.98	2.825	2.825	19.8	NAN	
7.8	2.01	2.635	2.635	20.1	NAN	
7.9	2.04	2.165	2.165	20.4	NAN	
8	2.055	1.76	1.76	20.55	NAN	
8.1	2.085	1.295	1.295	20.85	NAN	
8.2	2.115	0.995	0.995	21.15	NAN	
8.3	2.13	0.805	0.805	21.3	NAN	
8.4	2.16	0.705	0.705	21.6	NAN	
8.5	2.19	0.745	0.745	21.9	NAN	
8.6	2.205	0.795	0.795	22.05	NAN	
8.7	2.235	0.91	0.91	22.35	NAN	
8.8	2.265	1.11	1.11	22.65	NAN	
8.9	2.295	1.325	1.325	22.95	NAN	
9	2.31	1.705	1.705	23.1	NAN	
9.1	2.34	2.06	2.06	23.4	NAN	
9.2	2.37	2.515	2.515	23.7	NAN	
9.3	2.4	3.06	3.06	24	NAN	
9.4	2.43	3.495	3.495	24.3	NAN	
9.5	2.43	3.885	3.885	24.3	NAN	
9.6	2.46	4.065	4.065	24.6	NAN	
9.7	2.49	4.065	4.065	24.9	NAN	
9.8	2.52	3.865	3.865	25.2	NAN	
9.9	2.55	3.57	3.57	25.5	NAN	
10	2.565	3.115	3.115	25.65	NAN	
10.1	2.595	2.75	2.75	25.95	NAN	
10.2	2.625	2.45	2.45	26.25	NAN	
10.3	2.655	2.305	2.305	26.55	NAN	
10.4	2.67	2.09	2.09	26.7	NAN	
10.5	2.7	2.025	2.025	27	NAN	
10.6	2.73	1.995	1.995	27.3	NAN	
10.7	2.76	2.125	2.125	27.6	NAN	
10.8	2.775	2.255	2.255	27.75	NAN	
10.9	2.805	2.55	2.55	28.05	NAN	
11	2.82	2.94	2.94	28.2	NAN	
11.1	2.85	3.435	3.435	28.5	NAN	
11.2	2.88	3.95	3.95	28.8	NAN	
11.3	2.91	4.475	4.475	29.1	NAN	
11.4	2.925	4.95	4.95	29.25	NAN	
11.5	2.955	5.33	5.33	29.55	NAN	
11.6	2.985	5.56	5.56	29.85	NAN	
11.7	3.015	5.625	5.625	30.15	NAN	
11.8	3.03	5.63	5.63	30.3	NAN	
11.9	3.06	5.31	5.31	30.6	NAN	
12	3.09	5.07	5.07	30.9	NAN	
12.1	3.105	4.905	4.905	31.05	NAN	
12.2	3.135	4.565	4.565	31.35	NAN	
12.3	3.165	4.355	4.355	31.65	NAN	
12.4	3.18	4.225	4.225	31.8	NAN	
12.5	3.195	4.24	4.24	31.95	NAN	
12.6	3.195	4.235	4.235	31.95	NAN	
12.7	3.195	4.23	4.23	31.95	NAN	
12.8	3.195	4.24	4.24	31.95	NAN	
12.9	3.195	4.235	4.235	31.95	NAN	
13	3.195	4.235	4.235	31.95	NAN	
13.1	3.195	4.315	4.315	31.95	NAN	
13.2	3.195	4.25	4.25	31.95	NAN	
13.3	3.195	4.25	4.25	31.95	NAN	
13.4	3.195	4.36	4.36	31.95	NAN	
13.5	3.195	4.275	4.275	31.95	NAN	
13.6	3.195	4.25	4.25	31.95	NAN	
13.7	3.195	4.285	4.285	31.95	NAN	
13.8	3.195	4.28	4.28	31.95	NAN	
13.9	3.195	4.27	4.27	31.95	NAN	
14	3.195	4.285	4.285	31.95	NAN	
14.1	3.195	4.265	4.265	31.95	NAN	
14.2	3.195	4.27	4.27	31.95	NAN	
14.3	3.195	4.27	4.27	31.95	NAN	
14.4	3.195	4.375	4.375	31.95	NAN	
14.5	3.195	4.28	4.28	31.95	NAN	
14.6	3.195	4.345	4.345	31.95	NAN	
14.7	3.195	4.385	4.385	31.95	NAN	
14.8	3.195	4.295	4.295	31.95	NAN	
14.9	3.195	4.3	4.3	31.95	NAN	
15	3.195	4.29	4.29	31.95	NAN	
